# Created by Octave 7.3.0, Mon Mar 13 12:07:07 2023 EDT <ssmith@ssmitharchbang>
# name: oKSOLUTION
# type: matrix
# rows: 5
# columns: 1
 0
 0
 0
 -14
 4.75


# name: oKSOLID
# type: matrix
# rows: 0
# columns: 0


# name: oASOLUTION
# type: matrix
# rows: 5
# columns: 3
 1 0 0
 0 1 0
 0 0 1
 -1 0 0
 1 1 0


# name: oASOLID
# type: matrix
# rows: 0
# columns: 0


