# Created by Octave 7.3.0, Thu Mar 23 12:41:37 2023 EDT <ssmith@DSSARCH>
# name: oKSOLUTION
# type: matrix
# rows: 5
# columns: 1
 0
 0
 0
 -14
 13.199999999999999


# name: oKSOLID
# type: matrix
# rows: 2
# columns: 1
 -3.3999999999999999
 0.81999999999999995


# name: oASOLUTION
# type: matrix
# rows: 5
# columns: 3
 1 0 0
 0 1 0
 0 0 1
 -1 0 0
 0 1 1


# name: oASOLID
# type: matrix
# rows: 2
# columns: 3
 -3 0 1
 -2 1 1


