# Created by Octave 10.2.0, Sat Jan 03 15:00:00 2026 EST <ssmith@scott-bigcomputer>
# name: pH
# type: double_range
# base, limit, increment
2 12 0.5


# name: Fep3
# type: matrix
# rows: 1
# columns: 21
 4.1359730779705138e-06 2.1902060561457415e-06 8.6604021384705203e-07 2.2102066846473012e-07 3.5426531370970265e-08 2.4603676041476274e-09 7.7803655103980405e-11 2.4603676041476276e-12 7.7803655103980411e-14 2.4603676041476273e-15 7.7803655103980086e-17 2.4603676041476174e-18 7.7803655103980084e-20 2.4603676041476172e-21 7.7803655103980091e-23 2.4603676041476172e-24 7.7803655103980089e-26 2.4603676041476174e-27 7.7803655103980085e-29 2.4603676041476175e-30 3.9767112944609664e-32


# name: HFO
# type: matrix
# rows: 1
# columns: 21
 0 0 0 0 0 4.2080910288469276e-06 8.2647031645416868e-06 9.4475175269200929e-06 9.8117077264299301e-06 9.9258573238457408e-06 9.9617365097946144e-06 9.9726924025641921e-06 9.9749532916470386e-06 9.9718649076974775e-06 9.9588613576636554e-06 9.9167168521980846e-06 9.7831205142797344e-06 9.360549433677222e-06 8.0242299748007196e-06 3.7984065665874155e-06 0


# name: HfowHPO4m
# type: matrix
# rows: 1
# columns: 21
 5.4711904130817884e-23 3.019252709737708e-22 1.4229117717007649e-21 5.6147364956641898e-21 1.9165027373412398e-20 6.1664215081380939e-20 7.6475727761313165e-08 3.9647843240033248e-07 9.3475932141157295e-07 1.4180448077303366e-06 1.511019327989474e-06 1.1666806764765363e-06 6.3359672823386553e-07 2.5695423825975049e-07 8.9111601992376488e-08 2.9030935944836175e-08 9.2336008013025153e-09 2.8897846830962331e-09 8.752421967510018e-10 2.3733901216298886e-10 3.553130271622819e-11


# name: MASSERR
# type: matrix
# rows: 1
# columns: 21
 3.2157156721764618e-18 5.6208746780906541e-18 8.4315014064231456e-18 1.0514564987079734e-17 7.2658762772613287e-16 1.1329065669526267e-20 1.6517142471458857e-20 2.2022856628611809e-20 1.5670109524204556e-20 2.8375603733019061e-20 1.5246593050577406e-20 9.3343030787423897e-19 2.8799120206646212e-20 4.7433845046240819e-20 3.8963515573697816e-20 1.5246593050577406e-20 1.1858461261560205e-20 4.5739779151732218e-20 1.5246593050577406e-20 6.7762635780344027e-21 3.8963515573697816e-20


